# model nn input=68 hidden=64 output=32
W1
-0.076050,0.006515,-0.604017,-0.521219,-0.663755,-0.190009,-0.772186,-0.633800,0.022526,-4.241680,-1.573301,-0.524512,11.347573,-0.453870,-1.332304,-1.570663,0.025819,-0.241826,-0.357686,-0.257532,-0.810445,-0.793399,-0.588165,-0.634209,-0.674789,-0.204202,-0.037866,-0.767202,-0.637169,-0.766848,-1.007667,-0.494383,0.708578,-0.212105,0.159558,0.562726,-0.104448,0.643462,0.112929,0.129517,-1.455747,0.812591,0.384818,-0.526207,-0.521506,-1.307329,0.440948,0.197037,0.303017,-0.135549,1.017069,0.077081,0.372425,0.060619,0.119014,0.053350,0.515734,0.423968,-0.093709,0.054052,0.425331,-0.341493,0.848726,0.339213,1.387422,-4.852713,1.223879,0.821232
-0.399726,-0.460243,-0.432762,-0.041070,-0.244494,-0.612859,-0.820662,-0.412798,-1.097583,-0.579494,-0.425207,-0.658624,-0.837267,-0.631100,-0.822381,-0.565401,-1.214341,-0.223021,-0.824978,-0.003108,-0.178244,-0.463082,-0.553683,-0.422283,-0.240971,0.795003,0.356965,10.002547,-0.897364,-2.197136,0.372760,-0.016220,-0.533967,-0.400080,-0.176015,-0.376335,-0.152963,0.080571,-0.022383,-0.077404,-0.296876,0.166650,0.032042,-1.496991,0.620443,0.074983,-0.256902,0.188637,0.627124,0.608409,0.916774,0.587104,0.352329,0.538226,0.463531,0.279074,0.276267,-0.011922,0.130077,-0.739116,0.494384,1.140867,0.659925,-0.132353,0.158867,0.313166,0.388531,-1.564535
0.866232,0.451784,1.118437,0.386082,0.259196,0.542706,1.070226,0.560041,-24.767978,-1.636201,-1.492487,-1.531389,-1.377588,-1.737309,-1.588599,-1.879860,0.475194,0.817984,0.485945,0.840747,1.142898,0.824281,1.281196,0.816518,0.889070,0.505872,1.075008,0.498677,0.774835,0.676207,0.579601,0.699896,-2.667591,-1.997386,-2.135964,-2.454556,-2.367573,-2.326837,-2.343130,-1.561484,12.533447,11.067238,11.254820,8.538142,11.177004,9.177027,10.546854,9.323892,-1.718748,-2.475283,-1.765323,-1.908996,-1.215936,-1.753486,-1.237005,-1.914450,-1.452131,-1.908064,-1.569705,-2.179875,-1.643621,-1.998145,-1.998061,-1.842780,0.109069,-3.117319,0.148721,0.093510
0.043827,0.275097,0.596052,-0.063184,0.549667,1.107998,0.450488,0.450208,0.150350,0.300139,-0.079374,0.128235,0.627449,0.452503,0.767505,1.149299,0.557758,0.629263,0.544543,0.293468,-0.033496,0.202079,0.732552,0.701174,0.412117,-9.420395,-0.182328,2.460626,0.350951,-7.436986,0.876228,0.502431,-0.101562,-0.069795,-0.057400,-0.552605,-0.337334,-0.169583,0.021578,0.445369,0.296762,0.527488,0.435328,0.755155,0.245699,0.585465,0.667925,0.196188,-0.400958,-0.036489,-0.142626,0.343273,0.069737,-0.060060,-0.107245,0.071191,0.627519,0.595929,0.618213,0.097757,0.426250,0.255280,0.802559,0.645875,0.573932,0.163701,0.488932,-1.677144
0.095703,0.376465,0.530081,0.555937,0.876206,0.477760,0.684925,0.729131,1.357207,0.346944,0.217821,1.051940,-0.020235,0.256532,0.647716,0.632675,-6.053803,10.104550,-8.905842,1.753436,-6.100009,1.305677,1.144746,1.748564,1.176106,0.729609,0.651416,1.230316,1.307008,0.269216,1.305287,0.461517,-0.390611,-0.273223,-0.507152,-0.490080,-0.664976,-0.322094,-0.029687,-0.803697,-0.472446,-0.425441,0.652983,-0.157739,0.077189,-0.379463,-0.006944,-0.033408,-2.064367,-3.089863,-2.543420,-1.992959,-2.570620,-1.675110,-2.904883,-2.563682,-0.291798,-0.246843,-0.528506,-0.193937,-0.352724,-0.639621,0.129704,-0.067721,0.257477,0.565707,-0.145673,0.587372
-0.710968,1.576249,0.915160,-1.374329,-0.651310,-3.957112,-0.383413,-3.761671,0.782888,-0.873367,-0.383607,2.626692,-0.588635,-0.411863,2.097396,0.009802,-3.971535,-2.366234,5.077344,-1.891369,-0.703122,-1.117604,-0.506727,2.338229,-1.606693,0.367108,0.412968,-1.215835,-1.992577,0.630167,1.074649,-1.187863,0.266346,-0.947783,0.165374,0.364463,0.184904,-0.724043,2.532567,1.990751,1.069084,0.282240,1.428788,0.468011,2.287519,1.243900,1.144046,1.587220,0.671619,-0.404669,-2.543602,0.497362,-1.433956,0.011743,-2.266647,-1.139168,0.052210,-0.829279,-1.242953,-1.697956,-0.358043,-0.823727,-0.030474,0.316007,0.786502,-4.103126,3.331486,-2.015323
-1.028140,-0.789545,-1.330111,-1.332762,-0.971590,-0.717899,-1.459487,-1.395759,-0.982754,-1.265279,-1.097246,-1.205086,-1.068480,-1.024779,-0.832185,-1.298102,-1.412897,-1.175139,-1.369661,-1.082261,-0.526422,-1.493059,-0.902061,-1.044537,-1.057979,0.020226,0.769394,0.277395,-0.165965,-0.239696,1.750519,1.671287,0.149718,-0.147338,-0.168566,0.787265,0.859249,0.130204,0.274843,0.239922,0.717842,1.062627,1.036204,0.977241,0.220442,0.354591,1.116707,1.298102,-0.221226,-0.146905,-0.305349,0.099258,-0.382102,-0.440394,-0.687094,-0.464774,4.924075,2.062266,-0.679330,3.008238,3.901245,4.977427,-0.173824,1.046013,-3.539590,-3.029210,-3.155001,6.767028
0.035169,-0.923864,0.009962,1.441658,-2.112433,0.993776,1.823488,1.690931,1.747601,0.972713,1.094396,0.104338,-0.575503,1.266095,-3.721967,-1.400903,-1.470326,-0.158483,-0.263703,-1.432142,-0.646676,-3.148330,-0.712163,-1.054291,-0.251023,0.453115,0.050019,-0.337937,-0.762704,-0.782238,7.289880,-0.167463,1.778917,1.564625,1.208156,1.901290,3.029990,0.402860,1.531330,0.979435,2.548777,2.448029,3.234339,1.086980,3.307291,1.387000,3.428968,2.611748,-0.369840,-0.779146,-0.789509,-1.577890,-0.827606,-0.011951,-1.607220,-1.175868,-0.659055,-1.088889,-0.908453,0.895204,0.304602,1.091866,0.137822,2.411661,3.548724,0.675853,-1.254709,-3.470295
-4.905257,-0.805915,-6.074484,7.283563,-5.055178,-1.130616,7.132638,6.416669,-0.062214,0.644911,-0.047291,0.428780,-0.095031,-0.098201,0.502087,-0.057729,-0.048058,-0.243254,0.275495,0.160213,-0.147300,-0.505859,0.116295,0.285095,0.051021,0.364520,0.621596,-0.230715,-0.293426,0.785521,0.310689,0.161868,-1.779617,-2.046008,-1.941387,-2.453083,-2.442565,-2.043535,-2.370889,-2.311211,-1.131094,-0.892626,-0.374114,-0.885771,-1.726499,-0.607840,-0.642733,-0.306578,-0.285903,-0.894199,-0.522011,-0.366588,-0.402164,-0.381130,-0.359962,-0.649536,-0.197750,-0.696444,-0.911296,-1.189584,-0.656054,-1.476332,-0.278720,-0.775438,7.167428,-1.995552,-2.003203,-1.817030
-0.252696,-0.358085,-0.749686,-0.613100,-0.149861,-0.952077,-0.457065,-0.439785,-0.081896,-0.732560,-0.258204,-0.538237,-0.435535,-0.168003,-0.679715,-0.910240,-6.576360,10.847267,-0.991785,-1.793259,11.416630,-1.069561,-0.955459,-0.515889,-0.459010,-0.595665,-0.798196,-0.848758,-0.090085,-0.382710,-0.568202,-1.260923,0.658002,0.006387,0.327930,0.789531,0.128530,0.267748,-0.100847,0.402246,1.282016,0.490243,0.438921,0.389536,0.350660,-0.582394,0.388796,0.815146,-0.800198,-1.166815,-0.590580,-0.677380,-1.316390,-0.853208,-0.919621,-0.685622,0.790567,0.541122,0.542578,0.823257,0.391304,0.113530,0.677572,0.027396,-0.977311,-1.398921,2.865494,-0.937329
0.063674,-0.264340,-0.129839,-0.194776,0.331391,0.245222,0.497422,-0.235900,0.330130,-0.263283,-0.214156,-0.270839,-0.095703,-0.101658,0.247675,0.164097,0.213567,-0.114760,-0.018686,-1.531655,0.551656,-1.701441,-3.907391,12.161475,0.250025,-0.092899,0.178711,0.204355,0.086286,-0.305059,0.054694,0.490975,-1.297676,-1.039828,-1.438631,-1.394914,-0.838576,-1.001114,-1.273802,-0.982586,-1.621475,-1.375710,-0.912017,-1.086383,-1.100888,-1.260809,-1.256165,-1.557886,-4.415326,-1.562033,-0.772706,-1.897275,-3.055523,-2.353961,-1.286637,-2.680419,-1.337116,-0.502100,-0.700017,-1.228325,-0.355916,-1.072324,-0.205397,-1.307647,-1.831706,-1.585858,4.449684,-0.687232
-0.052482,0.175198,0.606441,-5.782190,0.850780,0.868769,-8.726551,6.715751,0.421606,0.337771,0.369015,0.910555,0.974724,0.476391,0.196539,-0.261224,0.147254,0.926431,0.877707,1.133935,0.823706,0.634525,0.148358,0.388912,0.515623,0.629643,0.703338,0.553705,0.396840,0.574909,0.965100,0.872342,-2.805159,-2.357039,-1.248531,-2.323943,-2.273572,-3.495620,0.285651,-1.681371,-1.241303,-1.228957,-1.444244,-2.371513,-1.749213,-1.157777,-1.187119,-3.634620,-0.310649,-1.238635,-0.507505,-0.876514,-0.906700,-0.269960,-1.040544,-1.202706,-1.318266,-0.381787,-1.746598,-1.124468,-0.381557,-1.707610,-0.262804,-1.312780,5.640908,-1.177149,-0.906254,-2.262850
-0.056608,-4.044667,3.518284,0.703827,-1.484046,1.314105,-2.709898,-2.448570,0.663331,0.931039,0.906730,-0.459227,-3.652108,-1.599643,-0.911461,0.374080,-0.168163,-1.246568,0.344303,1.033810,-5.681588,4.038592,-1.213071,-1.197834,0.476136,0.722895,-2.275938,-0.301727,5.559196,-0.070346,-0.096205,0.828894,-0.991560,-0.820796,-1.008193,-0.694936,-1.495761,-1.999738,-0.477362,-1.074312,-0.748530,-0.076283,-0.553001,0.228211,1.278875,0.653740,-0.235914,-0.565967,0.513661,0.089104,-1.198552,-0.777354,2.223206,-0.114180,0.085004,-0.846504,1.262854,0.862083,1.243354,2.369094,1.296169,1.745361,0.472455,2.176147,-0.022619,-0.136521,-1.286008,0.477357
-1.520441,0.430102,0.129212,-1.919892,-0.063011,-3.150396,0.487422,1.134447,1.185634,1.008349,0.614787,0.964826,-0.961783,-0.772858,0.835762,0.484724,0.911935,1.060253,1.986894,2.459481,1.857433,1.953052,-0.113691,-8.849361,-0.905796,0.457568,0.602998,-0.022320,-4.551311,-0.377348,-1.407139,-0.909167,-1.129482,-1.438964,-2.212665,1.158398,-2.450858,-0.862481,-1.749528,-0.969550,0.294714,-0.469328,0.863332,-0.264639,0.624590,-0.446293,0.624277,0.735495,0.452480,0.814441,1.409305,-0.457343,0.670871,-0.428730,1.876888,2.188199,-1.270507,-1.632540,-1.935446,-1.666813,-2.554829,-1.288480,-0.875442,-1.361967,0.224152,-0.611279,1.636224,-1.402778
-0.203048,-0.264012,12.233624,-4.866734,-0.193159,-0.469061,8.037299,8.062375,-0.835515,-0.581896,-0.431615,-0.281113,-0.401958,-0.944466,-0.309821,-0.396191,-0.768409,-0.347546,-0.407719,-0.485179,-0.723605,-0.100430,-0.866770,-0.427960,-0.679684,-0.667036,-0.707288,-0.618854,-0.427969,-0.582677,-0.576673,-0.605888,-1.345745,-1.662591,-1.933262,0.016602,-1.359597,-1.578865,-1.682793,-0.916211,0.486394,-0.101806,0.293202,-0.013498,0.040382,-0.140277,0.170972,-0.081208,0.104891,-0.097166,0.205346,0.082965,0.457765,-0.025693,0.001656,0.299458,0.092137,0.280392,0.000077,0.095176,0.393993,0.046427,-0.052703,0.306456,0.385135,0.106554,0.165922,0.445264
-0.187734,0.948917,0.449874,0.496399,0.529621,0.452812,0.716246,0.392846,0.252273,0.370144,0.544109,0.034585,0.614784,0.483023,0.645615,0.790432,0.554421,0.673278,0.785816,1.138805,0.933041,0.335016,0.128193,0.875959,-6.681683,2.430344,2.271114,0.730581,-7.051424,-7.896300,2.470060,2.106718,-1.158064,-0.888185,-0.252609,-0.901742,-0.768652,-1.718818,-0.940999,-1.767454,0.212229,0.265211,-1.123692,-0.241073,-0.771461,-0.847585,-0.599224,-0.241191,-0.577739,-0.481119,-0.490363,-0.020086,-0.650041,-0.894505,-0.819219,-1.167398,-4.797207,-5.993502,-4.846297,-1.195743,-5.505011,-2.017793,-2.712730,-1.820873,-1.211168,-0.725716,-1.131502,2.999948
-0.995689,-0.472186,-0.523550,-0.597779,-0.569631,-0.904215,-0.580426,-0.789340,1.549167,-5.551427,9.417154,-0.427053,1.157495,10.171225,-1.981585,-0.834146,-0.136833,-0.697000,-0.334774,-0.422467,-0.677619,-0.355046,-0.576941,-0.289211,-0.276601,-0.551330,-0.613057,-0.812425,-0.725611,-0.797353,-0.683651,-0.435465,0.355773,0.108997,0.121819,-0.142995,0.308559,-0.181542,0.166401,0.258290,-1.289266,0.615590,-0.819196,-0.840832,-0.387229,-0.843866,-0.483513,-0.600337,0.312472,-0.166705,-0.358162,-0.028344,0.138257,-0.181908,-0.203349,-0.613243,0.143387,-0.098202,-0.162457,-0.007053,-0.267645,-0.562250,0.577867,-0.002172,-0.609159,2.228136,-0.469635,-0.803062
-0.450735,-0.540428,-0.824999,-0.081147,-0.399034,-0.146412,0.064568,-0.514561,-1.031477,1.276347,2.447821,-1.455935,-0.992138,-3.241520,-3.471732,12.899005,-0.517924,-0.801488,-0.877576,-0.698372,-0.750850,0.033631,-0.521021,-0.748820,-0.232803,-0.116003,0.099324,-0.208450,0.468265,-0.274277,-0.724000,-0.890116,1.494929,1.229902,1.341437,0.351009,1.269074,-0.130052,0.847344,0.585351,0.296725,-0.321293,-0.758345,1.218713,0.487800,1.115006,1.219981,0.316698,-1.027124,-0.801417,-1.317590,-1.490770,-1.004652,-1.356751,-0.836295,-0.614417,1.182401,0.651336,0.832964,0.190691,0.862092,0.205248,0.623429,0.842854,-0.187828,-1.224682,0.612987,0.496814
-0.073148,7.859755,7.933373,7.847312,-3.854327,-0.927988,-0.903787,-0.797808,-0.325229,-0.170196,-0.507792,-0.789413,-0.575982,-0.227606,-0.809196,-0.317082,-0.566928,-0.522226,-0.278649,-0.353667,-0.078585,-0.384233,-0.110730,-0.591210,-0.329859,-0.712785,-0.437211,-0.477250,-0.386218,-0.499417,-0.326348,-0.032227,-0.846130,-0.821116,-0.857588,-0.645741,-0.301573,-0.548612,-0.744587,-0.699619,0.018978,-0.092937,0.521320,-0.220619,0.446902,-0.359840,-0.085265,0.116856,0.123609,-0.020113,-0.168532,0.091951,-0.006053,0.001938,-0.184157,0.184626,0.312503,0.231092,-0.056961,0.357605,0.207384,0.544005,0.381261,0.107084,1.505459,-0.278041,-0.109239,-0.585818
-0.474279,-0.002187,-0.596465,-1.057922,-0.057506,-0.938927,-0.572810,-0.301373,0.071634,-0.785081,-0.235739,-0.142248,-0.162475,-0.396137,-0.232507,0.043668,10.701888,-0.839797,-1.359831,-1.023420,-0.774612,-0.807793,-0.587740,-0.710788,-0.676749,-0.796806,-0.716209,-0.751930,-0.466994,0.001684,-0.953459,-0.739377,0.382700,1.152612,0.494121,0.219402,-0.150647,0.798562,0.330254,0.730644,0.474369,0.875117,0.857823,-0.110521,1.418296,0.894442,0.319434,0.730662,-2.922974,-0.417563,-0.905877,-1.308520,-0.639551,-0.883877,-1.045605,-0.748243,-0.584947,0.107880,-0.187791,-0.027186,-0.387944,-0.140020,0.226156,0.286133,0.160241,0.224365,-1.045522,-0.122660
-9.585586,12.490710,-2.474476,-1.801190,0.755742,8.860405,-1.387882,-0.380132,-0.395348,-0.846885,-0.479738,-0.524957,0.075133,-0.331136,-0.249477,-0.243566,-0.619985,-0.635865,-0.436279,-0.331231,-0.158372,-0.854219,-0.187428,-0.578408,-0.850929,-0.605540,-0.298904,-0.369996,-0.398171,-0.737223,-0.267236,-0.795220,-0.999508,-1.655097,0.383323,-0.149954,-1.556953,-0.514719,-0.064426,-0.043006,0.597563,-0.114078,0.639288,0.281051,-0.158416,0.653392,0.223139,0.305671,0.072011,-0.025527,-0.125288,-0.196248,0.024802,0.651850,0.390781,-0.114204,0.264682,0.296934,0.684971,0.757129,0.006360,0.500465,0.182088,-0.014281,3.020374,-0.931818,-0.930499,-1.482402
-0.707558,-0.835760,-0.831160,-0.719001,-1.432467,-0.804878,-0.732786,-0.147835,-0.260153,-0.770732,-1.024117,-0.453152,-0.370703,-0.918692,-0.543017,-0.843920,3.695329,7.948449,6.608250,-2.230403,0.962834,-0.607277,7.439387,6.474794,-0.554814,-0.892439,-0.326080,-0.387922,-0.765752,-0.396545,-1.022073,-0.672597,1.111425,1.613836,1.809982,1.557818,2.677282,1.467279,1.256861,1.848739,2.132128,1.787093,1.502823,0.864038,0.991170,1.977503,1.648453,1.324669,0.068534,0.317365,0.385138,1.592154,-0.137143,0.133277,1.068895,1.896367,1.428886,1.129796,1.306522,1.012049,1.595687,1.102171,1.571472,1.086477,0.751750,1.324748,-2.994114,2.498077
-0.430433,-0.454853,-0.258668,0.411920,-0.550092,-0.500298,-0.649370,-1.014943,-0.474425,-1.116043,-0.152863,0.032456,-0.788760,-0.495959,-0.368017,-0.122823,-3.543112,0.842998,-6.322378,0.394255,9.426857,-1.608578,4.981887,0.065117,-0.171601,-0.890157,-0.210932,-0.353864,-0.283373,-0.845174,-0.585921,-0.480639,-0.852490,-0.414266,-0.886514,-1.156691,-1.330925,-0.461459,0.416290,-0.652389,-2.203264,-0.477091,0.462934,-0.308935,0.330210,0.635368,1.051306,0.026189,0.289476,1.576636,0.987107,1.321876,-0.011067,0.951465,1.384149,1.476782,-0.508334,-0.718621,-0.349012,0.156671,-0.640809,-1.343317,-0.657189,-0.173875,0.085628,-0.895974,1.249530,-0.999332
-1.346028,1.708039,-0.018399,-0.863631,-0.274998,-3.112785,1.271852,-3.163250,1.000850,-0.035903,2.492101,1.619058,0.137443,2.374076,1.606977,-0.056235,4.027835,2.998121,-4.780944,-0.520368,-6.207493,1.232677,-2.413090,0.502114,-0.680949,1.323803,0.250439,-0.423550,-0.563391,0.633591,-0.123114,0.446546,-1.192847,-1.362959,1.097471,1.479449,-2.317219,-0.405370,0.526500,0.594236,1.551897,0.505571,-0.190966,-0.063316,0.599378,0.274199,-0.431028,0.364710,-0.361903,0.000464,0.678457,0.049107,1.432364,-0.196727,1.009345,0.187418,-1.175266,1.199289,0.813094,0.378323,0.600859,0.248735,1.590549,0.188596,0.156299,2.867772,-4.486683,1.097456
0.502622,0.599724,0.350883,0.273096,0.390605,0.194015,0.456332,0.671655,0.039735,0.413459,0.573998,0.407691,0.569448,0.406932,0.376295,0.334874,0.388067,0.442009,0.329936,0.486745,0.528292,0.378877,0.396095,0.086622,0.575178,0.608862,0.015089,0.318944,0.217930,0.415800,0.519845,0.280061,0.236560,0.124264,-0.016612,0.125976,0.065475,0.154188,0.070916,0.146113,0.046721,0.158346,0.098851,-0.025935,-0.164213,0.032119,-0.041008,0.047896,0.104987,0.226307,0.320779,0.074365,0.290052,0.045383,0.173710,0.048325,-0.229216,0.044667,-0.034047,0.047055,0.192997,-0.101840,-0.187471,-0.104169,0.462134,0.360650,0.237953,0.267031
-1.363086,-0.845666,-1.103975,-0.985307,-0.979681,-0.938905,-0.655583,-1.079720,-0.436630,-0.880882,-1.290248,-0.366503,-0.733585,-0.812590,-0.633989,-0.782465,5.682676,6.720144,6.979071,11.504409,-0.616804,-3.334264,-1.259347,-1.842181,-0.901734,-1.327041,-0.659203,-0.943175,-0.968978,-1.130322,-0.602262,-0.937566,0.422414,0.069415,0.216557,0.762567,0.610674,0.483792,0.753839,0.546253,0.761780,0.558284,0.471928,0.457743,0.550554,0.628290,0.735000,0.153697,1.855437,1.688342,1.603659,1.789518,1.604440,1.140123,1.380339,1.381946,0.652409,0.287118,0.201874,-0.182769,0.520052,0.204663,0.628708,0.350687,1.458270,1.759387,-4.614700,1.739592
-0.212341,0.304184,0.489737,0.870187,-0.069052,0.505732,0.737569,0.602613,-0.043099,0.585962,0.390420,0.528206,-0.257777,0.418266,0.721090,0.378735,-0.373850,-0.059111,0.387164,0.487004,0.261143,0.150320,0.506900,0.004922,-1.286601,-1.760534,-1.586588,-1.600256,-1.831808,-1.628354,-1.940105,-1.895555,-1.755296,-1.729097,-1.854848,-1.575433,-2.412053,-1.541627,-1.443909,-0.966429,-1.705644,-1.392226,-1.356120,-1.566177,-1.439350,-1.590508,-1.152779,-1.398375,-1.878085,-1.662322,-1.408761,-1.239264,-1.750911,-1.583028,-1.613403,-1.598745,10.455521,11.393600,11.301296,9.618544,11.375043,10.202950,10.545405,9.938825,0.326258,0.194650,0.113669,-1.703799
0.485062,0.472986,0.040930,0.444213,0.131313,0.277099,0.566881,0.916448,0.521891,0.320801,0.245499,0.203875,0.849576,0.532424,0.366236,0.328718,0.237053,0.482116,0.329699,0.216372,0.894077,0.392913,0.186886,0.734061,0.265681,0.012462,-1.406097,1.290706,-0.176499,0.500658,1.377168,-9.530271,0.743730,1.027421,0.409794,0.477551,0.570236,0.808442,0.991642,0.680313,0.844955,0.865825,0.515156,0.550968,0.305375,0.343681,0.748579,0.731770,0.450847,0.501895,0.045714,0.028125,0.102632,0.363661,0.324068,-0.095142,0.289564,0.416694,0.127030,-0.114891,0.070111,0.509397,-0.199602,0.523478,0.215777,0.366294,1.002949,-1.053247
0.959023,0.263622,0.799785,0.482029,0.426520,0.215460,0.141070,0.278275,0.593895,0.355906,0.358060,0.330520,0.396258,0.443356,0.679254,0.081600,7.790603,0.686508,0.344532,0.418356,-10.980190,-0.024422,0.644659,0.553484,0.047985,0.087150,0.199806,1.045757,0.343668,0.747239,0.500976,1.015218,3.357535,3.010984,3.620167,3.574513,3.198894,3.295244,3.407981,3.093858,3.298711,3.365476,3.570580,3.498561,3.520922,3.922983,3.142955,2.990001,0.332501,0.561913,1.002337,0.904871,1.076785,1.180076,0.678721,0.976158,3.438671,3.052166,3.272810,3.308781,3.421662,3.211417,3.091610,3.475586,-2.154462,-2.461727,7.947511,-2.080963
-0.075301,-0.238858,-0.700551,-0.422444,-0.563994,-0.441897,-0.376649,-0.214919,-0.324934,-0.486610,-0.212654,-0.585641,-0.640723,-0.025687,-0.376654,-0.739970,-0.257688,-0.621536,-0.411112,-0.441966,-0.109459,-0.440991,-0.130409,-0.012983,-0.516424,-0.126576,-0.558379,-0.264929,-0.550460,-0.251921,0.001973,-0.506385,-0.265049,-0.256259,-0.164999,-0.130398,-0.237372,-0.122184,-0.082902,-0.125158,0.050505,0.097623,-0.034765,-0.084361,0.008139,-0.114252,-0.170287,-0.106729,-0.328300,-0.022260,0.047045,-0.032206,-0.124697,-0.149333,-0.005412,-0.157178,-0.032907,-0.295740,-0.217332,-0.228222,-0.220090,-0.215406,-0.272861,-0.105567,-0.296968,-0.486163,-0.656910,-0.245370
-14.774989,-7.943588,0.639323,0.006046,9.183457,0.744031,0.839608,0.789910,0.856027,0.975367,1.217439,0.372288,0.287358,0.465124,1.153295,1.195868,-0.013070,0.203459,0.136344,-0.200562,0.763334,0.317923,0.691181,0.296882,0.639091,0.995396,1.168715,0.624109,0.294013,0.330974,0.596195,0.887619,0.212662,0.383335,-0.214854,-0.063602,-0.095176,1.059830,0.206343,-0.048527,0.621361,1.382468,0.905796,1.123482,0.841457,0.440228,1.320065,1.226142,0.577308,1.020956,0.707188,0.163363,0.347372,1.418593,0.324106,0.508832,-0.193007,1.044611,0.273707,0.644721,1.329646,0.556287,1.410075,-0.290187,5.252488,-1.327505,-1.156662,-2.218199
-0.096588,-4.454052,-4.135980,-1.122359,16.082473,-0.998776,-2.799706,-1.524086,-1.104063,-0.338728,-0.335918,-1.160460,-0.348680,-0.751638,-0.836881,-0.248221,-0.454678,-0.314741,-0.560528,-0.726256,-0.772719,-0.736933,-0.537924,-1.026057,-0.254159,-0.407187,-0.099257,-1.014734,-0.692270,-0.531717,-0.286642,-0.308903,-1.548900,2.513331,0.660741,-0.662786,-0.484199,-1.651895,-0.478302,-0.366337,0.099257,0.374652,0.510016,-0.340131,-0.010933,-0.058329,-0.027828,0.463418,-0.215385,0.000237,-0.278110,0.334738,-0.896919,-0.188272,0.972873,-0.313425,-0.205021,-0.204811,-0.170055,-0.410128,0.241370,0.274543,0.267763,0.392218,-6.298091,1.727910,1.440448,1.574825
-0.263764,-0.383085,-0.441683,0.025544,-0.582096,0.065291,-0.779393,-0.264274,-0.627225,-0.128729,-0.447619,0.281214,-0.199276,0.013081,-0.286440,-0.915064,-0.174419,-0.605453,-0.242028,-0.387554,-0.384893,-1.295703,-0.484612,-0.065785,1.459648,13.445684,-2.820840,-2.771597,1.318276,-2.008012,6.937512,-0.878161,-0.115911,-0.499172,-0.246724,-1.027796,-0.064763,-0.815637,-0.497376,-0.673536,-1.199006,-0.944629,-0.380372,-0.593593,-0.997652,-1.294480,-0.982607,-0.651625,-0.948407,-0.578361,-0.012783,-0.175354,-0.478663,-0.319468,-1.085103,-0.731161,-1.436142,-1.024942,-1.892677,-1.241787,-1.346584,-2.163172,-1.707351,-1.514206,-1.252200,-0.571654,-1.042469,3.228906
-0.105227,0.122307,0.337618,0.263149,0.218655,0.034111,-0.052363,0.177067,-0.099048,0.298964,0.299826,0.168655,-0.257519,-0.017781,0.497121,0.661739,-0.244765,-0.132019,-0.405147,0.169743,0.260127,0.255416,0.336224,0.313827,-12.906222,0.067780,-0.043432,-0.759852,11.300930,-1.332388,-0.474764,-0.433813,3.684089,3.800824,3.385568,3.853554,2.928555,3.476903,3.606438,3.710889,0.865682,-0.066118,1.109232,1.329702,0.301295,1.782126,2.212096,1.906249,3.510329,3.436475,3.049020,3.233776,3.301925,3.155051,3.416731,3.371516,3.598983,2.978663,3.582475,3.092811,3.109034,2.696224,3.366251,3.255515,0.200732,0.457495,0.100393,-0.954371
7.718655,-2.031985,0.705782,1.183135,0.223888,3.106166,-0.607985,1.724956,2.605483,0.713923,1.547132,-1.435982,-1.120559,-0.034071,-3.071703,-1.924250,2.737709,1.442177,-1.915076,0.973859,2.535887,-2.593696,-3.556326,2.823376,-0.618615,-0.606090,-2.683066,-1.024987,-1.257751,0.345100,-1.830649,-0.101702,0.076573,-0.128879,-0.830304,-0.889016,1.221538,0.274964,0.036124,0.307040,0.741705,-0.320252,0.375010,0.672345,-1.358299,0.263727,1.968561,1.698439,-1.089926,2.046329,0.708519,0.703412,-0.410063,0.114203,-0.695655,-0.910953,-2.076402,-0.494600,-1.808293,-1.618155,-1.438898,-1.775480,-1.734954,-1.403189,0.227769,-0.808768,0.374683,0.582423
-0.979710,-1.004658,-1.000124,-0.981200,-1.169030,-1.424644,-1.323232,-2.421406,0.874914,0.795436,-0.030567,-0.038567,0.684590,-0.023234,-0.046223,-0.845720,-0.997602,-1.030782,-1.389613,-1.353601,-0.386805,-0.543856,-1.506869,-1.211389,-0.981823,-0.996490,-1.624089,-0.970378,-0.779641,-1.025208,-1.447436,-1.806595,2.246794,1.335554,2.333396,1.721077,2.254007,1.550574,1.720508,1.745888,-2.350786,-1.868215,-0.450078,5.125041,-3.226985,4.737542,0.580294,1.247597,1.638183,2.344550,1.746283,1.353647,1.891181,2.032169,2.403522,1.932972,1.533352,1.814314,1.871630,0.874218,1.256058,1.994577,2.323733,2.296246,-3.643665,7.211706,-3.187350,-3.839273
0.842912,1.372952,1.553933,1.538751,1.380402,1.969847,1.685724,1.542357,1.360888,1.100562,1.408576,1.374839,1.774098,1.774955,2.029303,1.760216,-1.007017,-1.618031,-1.276550,0.782478,-1.697685,0.805469,-0.272432,0.338299,0.326461,1.923269,1.642452,1.055192,1.125858,1.700980,1.297747,0.825210,-1.153562,-0.994155,-0.087697,0.033032,-0.391053,-0.822378,-0.218008,-0.287003,-1.021384,-0.902024,-0.896920,-1.019222,-1.865218,-0.889582,-1.365570,-0.950989,-2.944028,1.632785,1.166309,-3.557833,0.783502,-4.151102,-0.337336,-1.025198,-1.520865,-1.671813,-1.263833,-1.861069,-2.521657,-1.681268,-1.292340,-1.242688,3.989705,3.417346,-6.822300,3.389410
0.197396,1.632730,0.098328,-0.045082,1.684163,-1.015862,-0.475604,3.165781,-0.586737,-0.869492,-0.242274,1.788717,-0.461932,0.526424,0.292992,-0.096267,2.763264,-0.886097,0.663493,2.795745,3.784691,0.998564,-0.508472,0.740286,1.781618,-1.296679,-2.515513,-0.056705,0.530625,0.263504,4.611369,-0.234133,-0.929804,0.441755,0.934407,0.871142,0.838442,0.436177,0.924002,0.511444,0.059734,-0.399809,-1.436683,-1.859058,-1.173879,-0.316126,-0.818631,0.160168,1.348642,1.882768,1.535988,1.096763,1.436132,1.675669,1.712375,0.844137,0.342445,0.725002,0.251774,0.996829,1.015124,-0.129411,0.076633,0.868421,0.975989,2.717445,-1.297945,-0.048938
-0.493890,-0.161016,-0.080419,-0.446517,-0.470883,-0.630681,-0.576536,-0.373595,-3.317674,9.272038,9.263192,10.271857,-5.718176,-1.346771,-1.045130,-1.153601,-0.633522,-0.402804,-0.267164,-0.401780,-0.085362,-0.932514,-0.414853,-0.219901,-0.319389,0.377699,-0.369938,-0.066031,-0.203881,-0.604641,-0.750245,-0.184503,0.352590,0.454874,0.539459,0.531129,0.691016,-0.103851,0.517135,0.585652,-1.526978,-2.044019,-2.071471,-1.569243,-1.599239,-1.853818,-1.706275,-1.646495,-0.035411,0.027978,1.808388,0.274727,0.312264,0.592127,-0.072122,0.318981,-0.213688,0.005362,0.279134,0.239137,0.295586,0.613655,-0.013781,0.068587,-1.167833,3.874806,-0.693081,-1.156738
0.373465,0.526853,0.751979,0.720805,0.068377,0.924495,0.261257,0.805238,0.300083,0.678382,0.320763,0.912532,0.905587,0.279704,0.842104,0.278835,1.293277,1.817082,1.425050,-7.859304,0.277687,-7.142468,1.164680,-9.064014,1.018481,0.479582,0.956721,0.939901,0.518446,-0.088830,0.389398,0.729258,0.148679,0.516000,-0.113457,0.159625,0.279720,0.074359,-0.138245,-0.203472,-0.261449,-0.110804,-0.132048,-0.587477,-0.072534,0.195777,-0.294609,-0.095654,-1.784812,-1.293132,-0.965156,-0.077822,-1.473507,-1.527603,1.451334,0.851772,-0.345832,0.120125,0.012845,0.160360,-0.129113,0.577737,-0.140775,-0.152744,-0.434457,-0.714787,1.604909,-0.825194
0.513899,1.076817,1.027331,0.583836,0.589228,0.590064,0.387765,0.371798,0.822701,1.029662,0.300065,0.792960,0.710312,0.792640,0.509907,0.785603,0.489834,0.706924,0.822538,0.648841,0.724082,0.750611,0.512857,0.319761,-9.608255,0.554300,-8.812808,1.131485,-9.510043,1.052840,2.611055,1.884859,-0.040570,0.257648,-0.104343,-0.558525,-0.708823,0.198544,-0.427999,-0.543280,-0.385930,-0.609512,-0.383274,-0.164152,-0.525507,-0.162333,-0.434721,-0.320570,-0.017482,0.183948,-0.141514,0.148288,-0.279153,0.017938,0.074508,0.447059,1.460637,-0.302319,-0.648956,0.601585,-0.328161,1.292367,-0.763804,0.147867,-1.103027,-1.252906,-1.115340,2.616893
0.377297,0.417530,0.380469,0.295201,0.996425,0.744852,0.417926,0.070345,0.658969,5.795358,-10.660767,0.990435,4.000166,0.619713,-11.331166,0.440600,0.331203,-0.063311,0.218622,0.363127,0.525592,0.572695,0.453534,0.458052,-0.012842,0.967731,0.586585,0.761897,0.353160,1.019676,0.403807,0.669179,0.398334,0.232788,0.644683,0.287462,0.098035,0.405707,0.609962,0.503338,2.533824,1.230302,2.022175,2.078151,1.824862,1.957077,1.503708,1.526742,0.268623,0.228991,0.498318,-0.062270,1.090339,0.309961,0.668002,0.513225,0.079861,0.297649,0.362967,0.235104,0.768269,0.270214,0.468828,0.070678,1.758419,-5.141133,1.740665,1.783187
-1.043209,-0.573866,-0.572265,-0.707247,-0.397342,-0.737259,-0.693279,-0.777164,-0.260906,-0.417736,-0.157742,-0.286498,-0.449625,-0.431166,-0.655854,-0.829405,-1.252942,-0.608217,-0.670042,-0.590146,-0.393334,-0.860441,-0.920188,-0.695867,0.849181,-5.605915,11.132555,-0.623621,0.441405,-0.946842,11.931374,-0.927267,-0.041602,-0.433008,-0.406175,-0.554345,-0.323892,-0.538417,-0.341529,0.169081,-0.473452,-0.205817,-0.785842,-0.479558,-0.150628,-0.152096,-0.453905,-0.158905,-0.102543,0.478502,-0.269164,-0.148483,-0.466374,-0.382873,-0.699134,-0.299761,-1.249864,-0.269056,-1.824181,-1.368294,-1.272602,-1.610111,-1.033748,-1.562298,-0.821358,-1.034629,-1.081881,2.764689
0.221480,1.178788,0.485718,0.191265,0.684485,0.869418,0.607578,0.570433,0.038662,1.829537,1.831681,-10.903040,0.503275,1.341139,1.742204,1.781886,1.078973,0.670464,0.668719,0.614045,0.501159,1.013005,0.584885,-0.017546,-0.271968,-1.435678,-0.307586,0.792455,0.379195,-0.249196,1.041587,1.222934,-0.965291,0.249543,-0.681568,-0.409721,-0.224030,-0.928647,0.169723,-0.495213,-0.396158,-1.309928,-0.888643,-0.263280,-0.546214,0.034549,-0.774425,-0.457961,0.074500,-0.534509,-0.859738,-0.758916,-1.001295,-1.078208,-1.074432,-0.648678,-0.810178,0.669027,-0.054278,-1.849485,1.050282,-2.128428,-1.702986,-0.793561,2.440088,0.382085,2.326584,-4.251974
0.414086,0.146188,0.508557,0.504777,0.486044,0.423968,0.101862,0.664469,0.365458,0.584356,0.336295,0.227419,0.031145,0.377449,0.574074,0.404373,0.072149,0.310411,0.272527,0.357127,0.381811,0.470901,0.369831,0.353035,0.715691,0.546144,0.560682,0.384333,0.400872,0.065676,0.221318,0.377336,0.163623,0.143200,0.150935,0.229028,0.102973,0.182766,0.240588,0.180435,0.131575,-0.034297,0.060544,0.041518,-0.038161,-0.134319,0.188210,0.167355,0.119923,0.002349,0.226641,-0.027751,-0.134690,0.209067,0.039632,-0.053865,-0.049554,0.045083,-0.101738,0.207685,-0.124423,0.147712,0.205628,-0.110880,0.332902,0.350740,0.429723,0.382169
-0.378768,-0.759264,-1.391511,-2.707813,-1.025254,-2.802552,2.257693,-3.246620,-2.025190,0.317348,0.006686,-0.202689,-1.619006,0.294579,-4.130398,-2.340881,0.767398,-0.351709,3.875416,0.900923,-0.427915,1.801904,1.728767,0.621600,-0.616949,0.976950,-0.532586,-0.067493,-1.237878,-1.632850,-3.238846,-0.988672,-1.493576,-1.271082,-1.027226,0.876768,-0.800381,1.037183,0.187054,-0.534420,0.330138,0.265317,1.016364,-0.915634,1.249828,-0.074097,2.655215,-0.917476,0.717694,1.000966,-0.936496,-0.043447,2.725551,0.941725,0.051870,0.911736,0.119427,-0.944477,-0.223676,0.245278,-1.476812,0.541227,1.237419,0.123828,-2.146345,-0.364248,2.081536,-1.710000
-0.068007,-0.045404,-0.819571,-0.291920,0.443168,-0.390073,-0.266933,-0.620798,-0.568661,-1.021405,-0.673192,-0.499588,-0.202929,-0.792421,-0.704841,-0.281271,1.248297,1.872456,2.359649,3.001227,1.922444,2.452297,2.541622,1.795882,-0.237389,-0.320289,-0.394092,0.024338,-0.092008,-0.597893,-0.919025,0.037691,2.821715,2.556513,2.612148,2.209846,2.571339,2.696058,2.299498,2.507219,2.544431,2.900320,2.282980,2.144766,2.334308,2.040447,2.152243,1.860191,-14.527691,-15.439374,-14.778306,-13.911753,-15.312036,-14.934809,-14.632395,-15.520231,2.032428,2.253187,2.035394,2.276757,2.811526,2.014356,2.687411,2.303425,-0.516324,-0.646928,2.565933,-0.611852
1.028109,-0.190044,0.838961,-3.968681,0.634511,2.434820,3.500227,-12.009789,-0.266738,0.314696,0.001302,0.126047,0.800352,0.511095,0.201115,-0.101435,0.173961,0.624560,1.010394,0.379103,-0.285379,0.538865,0.967955,0.610019,0.914250,0.575602,0.243339,0.385609,-0.164329,0.374242,-0.297201,1.159276,-1.316499,-1.659854,-0.811970,-1.846542,-0.906543,-2.464781,-0.530613,-0.854294,-2.423169,-0.970964,-1.580193,-0.586144,-1.640890,-1.641141,-2.001372,-0.881423,-1.665463,-1.645850,-0.768592,-1.134616,-0.840381,-1.960046,-0.780049,-0.479376,-1.391755,-1.323718,-1.786796,-2.109321,0.348276,-0.119926,-1.343590,-1.762372,3.084938,-1.417703,0.028537,-1.525297
0.509026,0.459759,0.248216,0.434881,0.202369,0.459816,0.497201,0.692661,0.305711,0.471768,0.554596,0.286358,0.403067,0.435822,0.438610,0.505229,0.023075,0.458236,0.268006,0.353796,0.186819,0.239890,0.307125,0.358584,0.129669,0.419293,0.595464,0.529694,0.350672,0.470492,0.508640,0.432223,0.118390,-0.043548,0.194381,0.050945,0.334900,0.069518,0.024745,0.054809,0.083299,0.046934,-0.060823,-0.020943,0.140833,0.278039,0.162834,-0.027571,0.188046,-0.231100,-0.004468,0.176532,0.018026,0.250294,-0.167556,-0.011380,0.137321,-0.098974,0.220295,0.168751,0.068657,0.029272,-0.147139,0.340307,0.404662,0.210379,0.245776,0.192028
-0.558297,-0.872711,-0.529722,-0.647967,-0.668346,-0.628685,-0.728575,-0.193456,0.885269,11.635079,-2.044578,-3.868755,4.145095,1.002234,8.232683,3.393508,-0.618022,-0.847950,-0.522541,-0.922630,-0.852200,-0.798005,-0.663179,-0.667244,-1.326900,-0.770556,-0.174889,-0.534659,-0.702915,-1.608187,-0.374525,-0.624280,0.180345,0.108416,0.276166,0.078946,0.083754,-0.056836,0.334959,0.756319,-1.423672,-2.035134,-1.272847,-1.496386,-1.326952,-0.609100,-1.113999,-0.532190,-0.028928,-0.428634,-0.378662,0.272324,0.437835,0.102349,-0.192800,0.339306,0.035500,-0.527456,0.243801,0.120985,-0.324257,0.161810,-0.085791,1.407372,-0.235564,1.053939,0.447703,-0.422507
-1.301739,-0.652249,0.151369,-0.357010,0.214283,0.248777,0.196699,0.154302,-0.007980,-0.152174,-0.494829,0.915176,-0.395256,-0.157891,-0.298849,0.287471,-0.022805,-0.133217,0.009705,-0.020903,-0.711276,-0.019251,-0.377791,0.273625,-14.364440,1.043557,0.844110,1.494898,11.118370,0.513166,0.274566,0.300206,2.180913,1.338163,1.773182,2.050508,1.822449,2.169560,1.375700,1.555318,3.466457,4.081300,2.930763,1.379513,2.990566,2.162831,2.711008,1.955432,2.467020,1.712794,1.763111,2.070790,2.375425,2.100114,1.985034,2.056639,-1.500372,-2.173118,-2.691024,-3.638810,-2.612970,-2.143872,-3.105927,-2.760270,-1.501017,-1.789840,-1.575380,4.732679
-3.291851,0.760110,0.207911,-6.786597,-0.423885,-3.374132,3.110148,-2.141913,4.226504,1.592586,0.124805,-2.669239,-0.698465,1.610728,-1.951598,-1.623577,0.702412,1.704313,-0.661680,-0.428042,0.033089,0.254607,-1.249378,-1.822524,1.462070,1.188060,-0.353254,0.866741,0.509589,1.260907,0.023074,1.200399,-2.840462,-2.752988,-1.592086,0.938813,-3.883090,-1.494638,-0.586611,-0.429188,-0.892857,-0.627547,0.007811,0.696702,0.646118,-1.154287,1.859073,1.017572,0.303542,1.733803,1.957509,0.320337,0.076065,-0.310130,0.037233,1.056093,2.375507,1.349701,0.168605,-0.057207,2.377253,0.647525,0.564563,-0.054392,1.354492,-2.460788,-1.879789,2.410724
1.511443,0.353544,-1.282009,-2.094688,-0.506528,-2.441013,2.726666,2.439593,-1.773672,-0.692449,-0.606315,-0.940964,-0.808003,-1.438096,-3.892084,5.861949,0.870419,-1.957235,-2.156718,-0.053778,-0.012227,-4.112200,-0.791297,-1.125040,-0.798287,0.850969,0.520400,0.411386,-1.817126,-0.603348,-1.227852,-0.631991,-0.399449,-0.563519,0.553078,2.218799,1.285308,1.554236,0.290309,0.696728,0.203790,-0.770333,-0.123767,-0.044631,-0.084131,0.139199,0.798445,-1.081314,0.001130,0.718871,-0.402725,0.800856,-0.430083,-0.360826,0.480008,0.347596,-0.394482,-1.527519,0.275212,-0.436757,-1.720448,0.006657,1.246396,-0.208774,-0.386580,-1.769826,-4.350642,4.443042
3.765484,-0.901282,-1.376473,4.745523,-0.635935,3.551794,-4.966510,0.974880,0.287300,1.477942,-0.181279,-3.026776,0.642407,-1.359843,1.832690,-3.570135,-0.573445,1.776434,-1.612716,-0.698967,-1.457255,-1.326029,0.295482,-0.544811,1.109525,2.072580,2.537637,2.545225,-1.323321,-0.838403,-2.253191,-3.995245,-0.304233,0.511027,-0.589203,-0.991016,0.495828,-1.344162,0.010646,-1.163750,-1.696572,-0.885251,-0.346864,0.201038,-1.680243,-0.752861,0.198862,-0.209285,-0.048187,-0.679788,1.665022,1.375681,0.273733,0.465924,0.676908,1.218641,1.694141,-1.475342,0.608540,-0.770536,0.029729,0.339086,1.042738,1.021779,2.842191,-1.058062,-1.944984,-0.116458
-0.352820,-0.075005,-0.482139,-0.040298,-0.398524,-0.646492,0.616856,-0.918766,-0.310011,-0.178501,-0.683486,-0.238727,-0.366415,-0.146051,-0.433405,-0.565185,-0.632270,-0.128698,-0.453321,-0.521254,-0.438700,-0.202489,-0.428227,-0.227400,-0.479044,-0.702686,-0.153996,-0.065534,-0.512615,-0.519903,-0.501740,-0.276186,0.382466,-0.071131,-0.391715,-0.063297,0.306333,0.194440,-0.225056,0.411947,-0.269937,-0.175950,-0.025929,-0.239677,-0.287100,-0.074845,-0.155988,-0.176821,0.027775,-0.473668,-0.228152,-0.405978,-0.236142,-0.143195,-0.195725,-0.099713,0.038837,0.451031,-0.050432,-0.011058,0.119423,-0.025821,0.415770,-0.000317,0.364151,-0.501034,-0.406370,-0.489658
-1.584534,-0.739963,-1.702242,-1.849846,-1.417938,-0.928263,-1.048142,-1.137644,-0.641737,-0.655197,-0.864954,-0.722870,-1.545854,-0.490166,-1.065917,-1.137969,-1.002099,-1.088015,-1.735260,-1.382105,-1.371665,-0.695566,-1.213883,-0.854295,1.483215,-0.682125,-0.593169,-1.869570,8.978470,-1.362443,-1.625490,-1.639288,-0.861853,-1.149927,-1.102506,-0.740837,-1.503308,-1.236532,-0.937067,-1.427964,-1.801629,-1.391854,-1.024382,-1.529090,-0.961760,-1.218245,-1.127665,-1.287849,-0.532180,-1.083363,-0.765764,-1.711238,-1.261550,-1.467852,-1.685553,-1.316104,2.999717,1.856973,3.508869,2.773654,0.219064,2.860959,2.490464,3.082958,1.565269,1.853066,1.773526,-8.205993
0.787911,0.587599,0.217723,0.359052,0.786366,0.613560,0.227786,1.051471,-1.159118,-0.421230,3.487948,2.332232,-0.736956,-9.272468,0.686049,-10.022844,0.474783,0.735265,0.211559,0.249697,0.641950,0.437482,0.724026,0.583391,1.175398,0.300776,0.674230,0.621956,0.430198,0.071388,0.477938,0.259970,0.756106,0.842740,1.048416,0.553393,1.258126,0.432945,0.421871,0.620461,2.111236,1.464840,1.374591,1.541130,1.202542,1.696142,1.013063,1.295846,0.334134,0.709465,0.483082,0.297339,0.500407,0.104958,0.568438,0.294343,0.373130,0.886708,0.649974,1.237806,1.088140,1.000346,0.615805,0.979915,1.175706,-3.138704,0.877548,0.446752
0.331816,0.563798,0.445794,0.371484,0.469267,0.169959,0.556739,0.180035,0.655035,0.365967,0.421905,0.465755,0.407932,0.103475,0.471129,0.169377,0.197491,0.376576,0.521319,0.291321,0.366516,0.316594,0.255568,0.315725,0.563266,0.117534,0.506898,0.532132,0.381451,0.529470,0.295005,0.160005,-0.040580,0.055670,0.084489,0.060151,0.069186,0.141236,-0.053517,0.165236,-0.168588,-0.097341,-0.136392,0.043441,-0.199504,-0.012741,0.027628,-0.042536,0.361281,0.044667,0.345991,0.112279,0.177117,0.027039,0.015929,0.145271,0.012240,0.126025,0.173240,0.422173,-0.020851,0.108392,0.234775,0.193218,0.515186,0.403478,0.357090,0.564899
0.382045,0.089630,1.139189,-0.128144,1.049782,-0.514453,-0.575684,-0.279211,1.009896,0.709424,1.027837,0.720837,0.374683,0.997707,0.377851,0.985847,1.263019,0.755931,0.426034,0.842028,0.491682,-11.007205,0.712268,1.463637,0.465749,1.035038,0.754537,0.723501,0.647016,0.218824,0.011753,0.980028,-3.716091,-3.134128,-2.868962,-1.864391,-3.866574,-2.486042,-1.739863,-1.590072,0.939018,1.661138,0.542402,1.106699,1.334361,1.365278,0.847433,1.041374,0.002616,-0.140709,-0.308785,0.970153,-0.795644,1.311255,-0.268068,-0.193463,0.225005,-0.215211,-0.026452,0.289465,-0.455718,0.873799,-0.077480,0.568208,-2.779134,1.193783,1.303492,1.283370
-1.631072,-1.565817,-1.918864,-1.953065,-1.522987,-2.041168,-2.321857,-1.931877,0.562703,0.743564,0.359055,0.150886,0.190862,0.322267,0.425576,0.632433,-0.086533,0.247349,0.725661,0.788142,0.387817,0.461197,0.392285,0.452340,0.348348,0.388350,0.856030,0.609913,0.344765,0.595463,0.346627,0.095448,12.452862,12.963710,13.849228,12.132208,13.816827,13.040438,13.281004,13.143533,-2.731270,-1.948092,-2.130044,-1.831482,-1.886936,-1.646312,-1.960040,-1.532765,-1.781235,-2.212649,-2.031071,-1.795118,-2.215782,-1.804058,-2.103197,-1.978401,-2.085668,-1.953601,-2.089630,-2.400531,-2.337378,-1.840904,-1.940134,-2.149842,-2.076918,0.592671,0.108945,0.614369
-0.627145,0.135297,-2.555096,-0.933636,-0.642693,-3.305876,0.515142,-2.509972,3.827676,-3.905907,-1.059136,2.426852,1.969780,-4.637800,-0.304254,3.296147,-0.049803,-0.529097,-0.224119,0.670088,-0.645141,-0.069140,0.170653,-0.109045,2.496611,-0.945999,-1.617528,0.246132,1.593597,-3.494958,-1.764175,-1.650839,-2.794412,-0.859572,-1.378330,0.376726,-0.474668,-0.760864,-0.041631,0.934652,1.796734,1.804436,0.546625,1.074031,-0.002929,1.539993,0.537761,0.126293,1.238856,1.284975,0.710838,1.274226,-0.025330,1.564830,-0.206678,1.389542,-0.771438,0.271453,-0.044101,-1.182302,0.633213,0.172861,0.352226,-0.596806,2.084840,-3.079649,1.630568,-2.482915
0.260085,1.606236,0.883718,0.038829,0.744855,0.471479,0.296081,-0.429215,0.753429,0.512595,0.220386,-0.158371,0.024309,0.861605,1.122162,0.862283,-0.197101,1.677097,1.190367,0.120308,0.340686,0.533418,-11.110033,-1.218116,0.987469,0.592956,0.793295,1.253501,1.281287,0.442844,0.239562,0.042614,-0.113588,-0.872495,0.270895,0.019946,0.105427,-0.476115,0.901596,0.615334,0.346856,1.475612,0.512055,1.185776,1.084319,1.634217,1.581597,1.557781,0.576095,0.108771,0.653592,0.588276,-0.817760,-0.066649,2.515692,0.766347,-0.367749,0.752366,-1.728225,1.407365,1.056498,1.162976,0.207187,0.594926,1.374717,-0.367073,-1.316467,1.104945
-3.042984,2.569093,0.731184,-2.143025,2.322871,-2.380165,-1.004881,-0.398565,-1.629150,0.929500,2.316339,-2.381271,2.997884,-0.180983,-1.762044,-3.061184,-1.152047,-3.493314,-0.898337,0.621140,-3.974557,-1.168073,4.769237,1.026710,0.407730,1.008589,0.851617,0.630186,2.775964,-1.322709,-0.598936,0.657542,2.299693,0.678015,1.187995,1.865113,0.602559,2.796097,1.738773,0.890730,1.196833,0.325775,0.829707,1.937051,1.587457,-0.421556,2.276627,2.331825,-0.633549,-1.165640,0.302097,0.665022,0.517892,1.144335,0.109387,0.895337,0.737415,1.061189,0.955731,1.299952,1.148258,1.621517,0.127133,0.825323,1.120554,-1.094092,-1.946316,1.132641
0.774202,0.509878,0.723047,1.115627,0.956518,1.100899,1.056208,1.026216,-5.721252,1.027061,0.918402,0.979640,-2.667765,0.279113,0.683888,0.718572,0.677210,0.082820,0.956991,0.857298,1.068497,0.850630,0.930291,1.119997,1.050914,0.940405,0.947472,0.583251,0.732383,0.620164,0.951753,0.787233,2.540033,1.697787,2.983911,2.255169,2.764955,2.572512,1.811469,2.477853,-4.348791,-10.075218,-10.634723,-9.401848,-10.533317,-9.310882,-9.996966,-9.239268,2.175560,2.046063,2.441905,1.621212,2.073462,2.461694,1.569725,2.441314,2.414069,2.355553,1.083996,1.921117,2.572349,1.966839,2.269874,2.272330,-0.482071,2.741030,0.265820,-0.306852
b1
-1.290673,-0.622583,-2.460352,-0.291897,1.263150,-1.624507,-3.062899,-0.121199,0.736943,-0.241235,0.778341,1.040690,-0.989368,-0.642454,1.262601,0.123832,0.038334,-0.377653,0.844692,-0.753984,-0.435948,1.559021,-0.814097,-0.166799,1.317558,0.471466,-0.748544,0.279927,1.214028,-1.433061,0.565589,-1.671984,0.570983,-0.201128,0.525793,-3.308649,3.746423,2.537723,0.952081,-0.529811,-0.726535,0.214610,0.132499,1.043380,1.427616,-2.100202,1.018399,0.050573,1.371467,0.836084,-0.190906,-0.831986,-2.098720,-0.389860,-1.410947,-2.879286,-0.378607,1.367186,0.920104,-0.731277,-1.772476,0.616914,-0.654140,2.071123
W2
0.077918,0.093023,-0.913290,0.324325,0.131551,-0.073668,0.290470,-0.110987,-1.031179,-1.050045,0.250340,0.303063,0.325332,-0.253028,0.030017,0.556703,-0.197748,-0.238187,0.027459,-0.508441,-1.246247,-0.483919,-0.156730,-0.123936,0.348750,0.182926,-0.803375,0.031157,0.127144,-0.048903,-6.341351,1.942276,-0.081564,-0.153475,0.808718,0.011915,0.012137,-0.272597,-0.221183,0.219140,-0.090897,-0.315899,-0.562656,0.177309,0.352208,-0.164749,1.190312,0.508397,0.290355,-0.324721,-0.004081,-0.469224,0.317797,-0.156599,-0.080846,0.569320,0.356428,0.144760,-0.447935,2.835317,0.450958,-0.172066,0.007397,0.950463
-0.321481,-0.199532,-0.596214,0.878699,-0.209967,0.146145,-0.115528,0.592439,0.531543,0.481379,-0.035143,0.604676,-0.383541,-0.023858,-0.996874,-0.251074,0.179443,0.059508,3.845902,-0.296494,2.959942,-0.361053,0.402058,0.338277,0.501243,-0.208737,-1.177714,0.463043,-0.019454,0.006967,-1.875074,-0.177152,-0.198006,0.547601,-0.641932,-0.428099,0.224249,-0.192417,-0.071724,0.750492,0.327969,-0.087411,-0.195476,0.209752,-0.062414,-0.212618,1.099149,0.275917,0.198491,0.053981,-0.217500,-0.243692,0.409491,-0.332673,-0.130177,0.159260,0.243513,0.373198,0.105310,3.597899,0.235417,0.424009,0.606162,-0.359891
-0.308693,-0.217294,-0.024118,0.291471,-0.404777,-0.337539,0.193440,0.597651,-1.109817,-0.012269,-0.201219,0.582755,0.435720,-0.090541,5.062107,0.026955,-0.396799,-0.299102,3.851239,-0.086315,-0.771838,-0.420970,-0.129144,0.104768,-0.773006,-0.543886,-0.347884,0.150543,0.303182,0.270912,2.069915,-1.904824,0.116322,0.544426,-0.070011,-0.024128,0.330791,-0.243440,-0.227350,0.150840,-0.157207,0.430585,-0.555523,0.377627,-0.411711,-0.085305,0.960433,0.787201,-0.843514,-0.538449,-0.319536,0.010321,0.031945,0.231757,-0.124830,-0.449769,0.479931,-0.666595,0.728313,2.642808,-0.107632,0.409194,-0.227368,0.059156
0.248884,-0.041504,-0.526008,0.054676,0.025948,0.167102,-0.148091,0.315622,1.331439,0.089143,-0.146039,-0.700363,0.171558,-0.069592,-1.394197,-0.049598,-0.203460,0.027397,4.833540,0.085807,-0.749038,-0.135806,-0.158397,-0.337392,-0.295651,0.288212,-0.822097,-0.339128,-0.066025,0.047898,1.192954,-0.848960,-0.039334,-0.374787,0.106007,-0.620376,0.577792,-0.106774,-0.252394,-0.146770,0.402133,0.464842,-0.275359,0.065580,-0.071127,-0.224650,1.272907,-0.472354,-0.083069,-0.564283,0.412346,-1.010602,-0.187721,0.626543,0.916906,0.215218,0.212599,-0.228559,-0.038771,2.390304,0.083843,0.313690,0.461137,0.354479
0.161187,-0.088705,-0.797005,-0.293511,-0.395927,0.337806,-0.258766,-0.188124,-0.191702,-0.102255,-0.134284,0.627606,-0.343098,0.118901,-0.653064,-0.152006,-0.241754,0.072426,0.031324,0.083262,0.268362,-0.383091,-0.115220,-0.173246,-0.098145,-0.205941,-0.582828,0.315801,0.031040,-0.215938,2.126144,6.440870,-0.317092,0.120637,-0.053484,-0.411116,-0.090425,0.094334,-0.287796,0.345240,0.241968,-0.107340,-0.604276,0.632610,0.146003,-0.506463,1.091296,0.485588,-0.454465,0.114883,0.030138,-0.407457,0.036606,-0.124404,-0.256620,-0.138925,0.028247,0.015694,-0.209520,4.026903,-0.242325,-0.518921,-0.127728,0.708968
0.299930,-0.460444,-0.684574,0.341077,0.132664,-0.573575,0.084867,0.306714,-0.643921,-0.446066,0.361590,0.592311,0.004202,-0.330001,-0.230511,0.206145,0.170721,0.481611,-1.315508,0.203901,3.887762,-0.296297,0.106773,-0.828599,-0.007946,-0.151444,-0.568465,0.023738,0.644573,-0.508608,0.563469,-1.770644,-0.365931,0.032755,0.429864,-0.582780,-0.266590,-0.367770,0.162635,0.429072,0.230768,-0.277688,-0.590125,-0.026597,0.449092,-0.671844,0.704336,1.134042,0.335021,-0.395986,0.385506,-0.471089,-0.157580,0.861553,-0.275877,0.074217,-0.122795,0.103730,-0.768978,1.610739,-0.349373,-0.110360,-0.552055,0.447770
-0.231142,-0.520347,-0.296876,0.108004,0.102666,0.182172,-0.209716,0.414445,1.115018,-0.303470,-0.580701,-3.334503,-0.082551,0.074445,1.994596,0.115616,0.216125,-0.270528,-1.143166,-0.464415,-0.206257,-0.589609,-0.232017,0.107958,0.275511,-0.229255,-0.798504,0.138567,-0.192544,-0.142265,0.311014,-0.519851,-0.251255,0.214977,0.205845,-0.957962,-0.062993,0.329277,-0.097219,-0.115268,0.207831,-0.103235,-0.078167,0.646981,-0.352999,0.190169,0.845722,1.585982,0.171933,0.183993,0.004467,0.183457,0.012079,0.046641,1.032257,-0.291075,-0.076603,0.368341,-0.022732,1.413738,0.258569,0.692812,0.436891,0.440951
-0.342596,-0.406104,-0.164541,0.069233,0.081800,-0.245140,-0.093914,0.116767,1.096918,0.057349,-0.378677,1.438542,-0.363241,0.357020,2.243417,0.027476,-0.224238,-0.507106,-0.603951,-0.171900,-0.328438,-0.089119,0.066848,0.227175,0.237425,-0.325432,-0.689797,-0.037049,0.058970,0.427973,0.424188,-0.571059,-0.153416,-0.467331,-0.168287,-0.600275,0.529230,0.584812,-0.136196,0.116713,-0.050783,-0.135073,-0.018886,0.239251,0.188881,-0.333713,1.070016,-3.175057,0.244038,0.027829,0.380336,-0.230535,0.332377,-0.527448,-0.256794,0.350270,0.163435,-0.444555,-0.211114,1.091047,-0.063210,-0.116360,0.297696,0.116955
-0.271483,-0.297706,-6.710324,0.322872,-0.063232,-0.017153,-0.107138,-0.243044,0.049716,0.116745,-0.269070,0.416353,-0.019206,0.374015,0.141212,0.258694,-0.359199,-0.353225,-0.578087,-0.334749,-0.038373,-0.225260,0.034434,0.184764,0.234576,-0.047807,-1.062658,0.305482,0.085366,-0.422960,-0.419664,-0.128348,-0.290105,-0.962447,0.448937,-1.504670,-0.218911,-0.542688,-1.889865,0.515613,0.539807,0.357113,-0.806788,0.391770,0.609410,-0.007908,1.189248,-0.085544,0.558820,-0.834416,0.536340,0.295382,-0.512851,0.171237,-0.639308,0.333871,0.592226,0.798308,0.320562,-0.825396,0.345925,-0.319937,-0.000248,-4.333290
-1.590038,0.188261,3.008466,0.183928,-0.122907,-0.342124,-0.091681,0.522366,-0.133741,-0.115128,-0.082570,-0.036209,-0.252278,-0.313908,-0.067035,-0.001271,-0.907085,-0.269564,-0.349109,-0.663253,-0.046082,-0.526286,-0.197641,0.200079,-0.028557,-0.120414,-0.528118,0.060146,0.185736,-0.023059,-0.119120,-0.045049,-0.135652,0.107347,-0.367135,1.411498,0.133031,-0.345944,2.889289,0.260943,0.653517,2.100628,0.034720,0.161228,0.223202,-0.202348,0.882361,-0.419814,0.000289,4.881498,0.015061,0.368179,-0.152728,-0.107257,0.047660,0.048890,0.047780,-0.289116,-0.217671,-0.747480,-0.529483,0.184651,0.072924,-0.968104
-0.620438,-0.229337,2.943970,0.498019,-0.682368,0.684248,0.369610,0.105866,0.141901,0.022706,-0.585387,-0.122703,-0.231474,0.163082,-0.312611,-0.049855,4.491209,-0.000080,-0.266135,-0.249824,0.172526,-0.567961,-0.068581,0.101862,0.642995,-0.049921,-0.495573,-0.018481,0.016992,0.090829,0.196633,-0.217508,-0.328742,-0.156370,0.706109,1.606189,-0.043075,-0.293351,2.620338,0.329391,0.633070,-2.018769,-0.144678,0.306242,0.167001,-0.288428,0.661084,-0.152609,0.393438,-0.558832,0.032864,0.205063,-0.176130,-0.027212,-0.683863,-0.146503,0.674015,0.279471,0.281957,-0.856306,0.226053,-0.118170,0.170879,-0.471517
-0.837567,-0.294879,2.821293,0.386990,0.869908,-0.225770,0.307604,-0.052689,-0.176666,-0.415815,-0.310513,0.275378,0.277827,0.193644,-0.220671,0.221403,-0.890817,-0.370721,-0.235765,-0.015194,-0.314623,-0.545513,-0.007477,-0.404704,0.050542,0.084033,-0.537745,0.007583,0.107280,-0.380692,-0.099799,-0.150162,-0.007024,-0.278481,0.098731,1.530594,-0.101311,0.131374,4.544944,0.536384,0.269244,0.027272,-0.418711,-4.768716,-0.087731,0.105673,0.718590,-0.314760,-0.191461,-0.874347,0.203057,-0.025010,0.386426,-0.221204,-0.028392,-0.289109,-0.099947,0.000709,0.060199,-0.663472,0.335291,-0.349791,-0.453298,-0.560200
6.649474,0.179244,3.169215,0.462025,-0.062816,0.277740,-0.149939,-0.084640,-0.752416,-0.363250,0.050376,-0.434102,0.272808,0.129790,0.086185,0.383178,0.622620,-0.108559,-0.263720,-0.600305,-0.025959,-0.136913,-0.042796,0.082871,0.992761,-0.709345,-0.917231,0.025866,-0.318294,-1.059242,-0.157413,-0.304965,-0.451666,-0.468735,-0.135354,1.391950,0.672257,-0.034224,-0.350933,0.166337,-0.033786,0.385871,-0.258001,0.300531,0.299770,0.018329,0.755336,-0.181698,0.640022,0.066034,0.789698,0.005412,0.034575,-0.228331,-0.813146,-0.077944,0.466008,0.567642,0.003264,-0.891466,0.326984,-0.064961,-0.582736,-1.273180
-1.424941,-0.009774,2.687456,0.146638,0.152321,-0.747720,-0.283430,0.374060,-0.131275,-0.078056,0.123384,0.266241,0.140780,0.175128,-0.399593,0.723440,3.482120,-1.041445,-0.170013,-0.630868,-0.169094,-0.298175,0.073167,0.438985,0.160944,-0.352219,-0.078217,0.159541,-0.041323,0.600860,-0.206427,-0.232292,-0.462329,-0.234211,0.131048,-0.515049,0.329224,-0.439706,-0.703344,0.487293,0.504002,0.115921,-0.048390,0.564973,0.069045,-0.049689,1.185298,0.208811,-0.155015,-0.251985,0.560660,-0.111235,-0.421354,-0.017264,0.173951,0.151119,-2.752574,-0.491998,0.119400,-0.563042,-0.773523,0.311747,-0.108015,0.303934
-1.080418,-0.443022,1.383687,0.238800,0.023489,0.422885,-0.084130,-0.377284,-0.147755,-0.304153,0.278173,0.048105,-0.003170,-0.147442,-0.326393,-0.132505,-0.508400,-1.947037,-0.204981,-0.332605,-0.039681,-0.643173,0.029361,0.080005,0.226362,-0.484691,-0.533259,0.279210,0.009568,-0.088531,0.389269,-0.310137,0.048919,-0.188310,-0.380835,1.810780,0.249704,-0.186059,-0.913264,0.440970,-0.051101,-2.048210,-0.167816,0.211846,0.557741,-0.839578,0.545085,-0.455632,0.212522,4.382941,0.225520,0.009110,-0.134204,-0.211796,-0.339367,-0.154537,0.385891,0.228738,0.148652,-0.735305,-0.152462,0.120914,0.145710,-0.604698
-0.685319,-0.022565,1.283146,-0.147430,0.004038,-0.212089,0.007635,0.076464,-0.102558,0.001255,-0.191955,-0.130026,-0.007861,0.028191,-0.470690,0.096438,-0.648864,4.662903,-0.672473,-0.386053,-0.423051,-0.361896,-0.497739,0.097741,0.368038,0.245776,-0.539997,-0.017163,-0.070761,-0.744337,0.199081,-0.289434,-0.376548,-0.272106,-0.319570,2.114167,0.374472,-0.132977,-0.943231,0.091943,0.145627,0.376784,-0.201715,0.432254,0.504860,0.201989,0.630307,-0.503401,0.551251,-0.947868,0.405033,0.021575,0.173259,-0.503854,-0.672553,-0.373745,-3.087980,0.133548,0.164485,-0.657748,0.068098,0.233175,0.435767,0.644681
0.177132,-0.666962,-0.969082,0.348614,-0.248629,0.082386,0.126403,-0.257254,-0.136289,-1.100213,0.158820,0.003161,-0.211326,0.189659,-0.144113,-0.239621,-0.060318,0.089056,-0.292278,11.923550,0.076008,-0.505259,-0.183807,0.407095,0.677930,-0.252002,-0.804677,-0.275036,-8.034062,-0.181302,-0.129776,0.276523,0.116725,0.065742,-0.247882,-0.083240,1.711773,0.065293,-0.631852,0.279779,0.301717,0.199348,-0.146013,-0.116481,0.061538,0.042825,-4.061780,-0.050648,-0.035642,-0.542803,0.404462,0.356830,-0.112270,0.261331,-1.084931,0.357901,0.323861,0.374303,0.020345,-1.084353,0.114360,0.011648,0.387516,0.570434
0.177179,-0.197319,-0.768524,-0.040442,2.343947,-0.485874,-0.453530,-0.350901,0.047120,4.633839,0.491086,0.324468,0.191153,-0.119946,-0.009734,0.027609,-0.290609,0.133142,-0.606939,-0.751759,-0.060982,3.303524,0.488459,-0.080566,-1.032261,0.269625,-0.789145,-0.071080,3.459018,0.625819,-0.100099,0.303803,-0.218850,0.391030,-0.006836,-0.358091,0.301336,0.322136,-0.264075,0.175082,0.200547,0.359622,-0.070292,-0.195937,-1.044727,0.046243,-3.677683,-0.059487,-0.905795,-0.442755,0.463462,-0.341593,0.121251,-0.080137,1.309488,-0.215799,-0.036542,-0.725744,-0.031787,-0.940162,0.350306,0.348469,0.002475,0.017782
-0.288065,-0.278779,-0.227070,0.771132,-3.315675,0.173530,0.100656,0.060165,-0.111483,0.337480,1.188697,-0.005573,0.047729,0.585974,-0.092600,-0.412554,0.310164,-0.093623,-0.614132,-2.730032,-0.036953,2.662864,-1.906273,-0.283143,-0.591266,1.530079,-0.558668,0.331052,3.172432,0.299993,-0.308228,0.159162,0.099788,0.375836,-0.691358,-0.303389,-1.015150,-0.132827,-0.508726,0.899616,0.077367,-0.378745,-0.468884,0.241781,-0.599739,0.076649,-2.154224,-0.043073,-0.567988,-0.388419,0.178167,0.124049,-0.280401,-0.049915,0.267645,-0.317201,-0.193049,-0.239745,-0.279236,-1.015441,-0.170409,0.651518,-0.363477,0.304228
0.309802,-0.239374,-0.293586,0.626568,1.492130,-0.107327,-0.301452,-0.458981,-0.364433,-1.951249,-0.198257,0.030031,0.057132,0.417512,-0.059772,0.313200,-0.623486,-0.526667,-0.143892,-1.339487,-0.338068,-0.647716,0.397033,-0.036861,0.021573,4.133066,-0.984217,-0.135330,0.491863,0.031651,0.628762,0.148990,0.134209,-0.129522,0.339956,0.133249,-2.196004,0.439872,-0.399382,-3.310748,0.378196,0.591029,-0.152571,0.379709,-0.112678,0.847320,-2.486419,0.274616,-0.150838,-0.183004,0.243921,-0.059178,-0.212225,-0.063915,0.136433,0.237492,0.415887,-0.084166,0.446162,-0.558584,0.589307,0.372490,0.079695,0.264430
-0.522027,0.172330,-0.797309,0.075470,-0.943559,-0.163856,0.159980,-0.392655,-0.048819,3.994606,0.646604,0.212341,-0.404378,0.279127,-0.107276,-0.321015,-0.297254,-0.240204,-0.257989,0.189060,-0.828702,-0.680369,0.905965,-0.292670,0.426805,-0.038634,-0.780695,0.320798,-1.799017,0.171518,0.156368,0.171060,-0.045312,0.458271,-0.238352,-0.222991,0.592453,0.887860,-0.050935,0.389950,-0.370212,-0.146931,-0.032541,0.330918,0.115924,-0.333343,-3.590114,0.308383,-0.172941,-0.196095,0.387774,0.228202,-0.105370,0.064140,-0.135007,0.343702,0.315306,0.261837,0.181986,-1.210212,0.878594,0.649266,-0.366565,0.009025
-0.059551,-0.119436,-0.044133,0.180627,1.072860,0.155311,-0.231382,-0.294430,0.154440,-0.834809,-0.926753,-0.098481,-0.159534,0.178598,0.053230,0.363604,-0.288844,-0.032440,-0.583961,-0.621134,-0.400714,-0.255652,0.008480,-0.098082,0.031112,-1.406666,-0.785592,-0.344499,0.515101,-0.020666,-0.059400,-0.209539,-0.323186,-0.307495,-0.012241,-0.106932,-1.020068,0.238498,-0.153912,-3.208390,0.380347,0.360183,0.006226,0.515809,-0.098050,0.817653,-1.850639,0.088953,-0.156675,0.032406,0.605862,0.427784,-0.353515,-0.087864,0.310585,0.135496,0.149548,-0.099068,-3.934230,-0.902873,-0.085924,1.086138,0.334611,0.446436
0.385189,-0.125094,-0.468653,0.320230,0.583645,0.032703,-0.238034,-0.361340,0.029020,-1.000003,-1.864067,-0.562044,-0.071742,0.015282,-0.379683,0.078150,-0.457123,-0.001240,-0.018593,-0.305875,0.162274,2.683861,0.517218,-0.001129,0.182329,-0.633721,-0.816812,0.022113,0.906606,0.053542,-0.084331,-0.701591,-0.176918,-0.021030,-0.072488,0.028369,-1.491118,0.242515,-0.604330,0.582130,0.374651,-0.139617,-0.630054,0.456497,0.205567,0.047123,-1.081035,0.023196,0.022250,-0.078955,0.290187,0.166910,-0.212535,-0.119308,-0.324377,0.162879,0.115658,0.266290,0.533697,-1.010197,-0.108750,-3.848970,0.030907,0.368879
-0.173978,-0.212465,-0.379309,0.311338,0.340371,0.195033,-0.529450,-0.143291,0.367164,-0.808266,3.285811,0.009198,0.252503,-2.167290,-0.558989,0.497676,-0.528619,-0.211599,-0.340925,-0.428387,-0.135401,2.043047,-0.093752,-0.018182,-0.282437,-0.816304,-0.839986,0.067944,-0.295811,0.392322,0.245244,-0.567547,-0.057191,-0.383827,0.220830,-0.727102,-2.060731,0.329380,0.004853,-3.855912,0.479299,0.014687,0.183589,0.451782,-0.042147,0.436420,-1.189509,0.092797,-0.114389,-0.139242,0.616038,-0.018084,0.395178,-0.095171,-0.090310,-0.191894,-0.200473,0.139832,0.187715,-0.542565,-0.279096,0.038561,-0.173577,-0.034168
-0.209555,-0.322735,-0.378577,0.600658,0.202748,-0.079735,-0.271257,0.185134,0.128137,-0.396712,0.135366,0.453830,0.231386,0.118708,-0.217712,-1.429482,-0.319191,0.396833,-0.617507,-0.076491,-0.281527,-0.230119,0.136322,-0.445058,0.057065,-0.623706,3.406030,0.096811,0.149889,-0.387417,-0.244055,-0.198297,-0.065770,-5.564106,0.195283,-0.200889,-0.005995,0.207963,-0.083299,0.297689,-2.774912,0.023128,-0.421944,-0.005179,0.202514,0.147229,1.322508,0.552335,-0.470629,-0.266294,-3.674435,0.153870,0.052843,-0.143687,0.310458,6.221698,0.180679,0.153103,0.007986,-0.826633,0.093017,-0.174813,-0.107980,0.648131
0.181119,0.403065,-0.468850,-4.188021,-0.645650,-0.202592,-1.580379,0.444232,0.064928,-0.164192,-0.161672,-0.136865,0.055663,0.414183,-0.343102,0.455701,-0.339783,0.226215,-0.886633,-0.535478,-0.180657,-0.063721,0.015113,0.295218,-0.616938,0.367427,3.190196,0.553287,0.208837,1.217303,0.301905,-0.176188,5.490791,2.367375,-0.235729,-0.332014,0.407944,0.071540,-0.187141,0.357875,0.337751,-0.054382,-1.096286,-0.561272,-0.904193,0.195317,0.501402,-0.232217,-1.027734,-0.648667,-0.862372,0.446715,0.165830,0.546924,0.835963,-3.147565,0.020938,-1.150231,0.410908,-1.057307,-0.054621,-0.357413,0.250996,0.052933
0.056611,0.132454,-0.421602,-0.261962,-0.097001,0.150421,-1.034648,-0.634469,-0.367473,-0.283007,-0.272639,-0.592065,0.055744,-0.391943,-0.410384,0.096701,-0.175245,0.250146,-0.427113,-0.096733,0.064504,-0.199147,0.185488,0.072113,-0.822842,0.095037,2.613816,0.078287,-0.019099,-0.166981,0.618459,-0.144865,-0.839502,1.978071,0.119569,-0.013798,0.144539,-0.373157,-0.376251,0.545391,-3.161471,-0.092592,4.434554,-0.674117,-0.225337,0.092839,0.780764,-0.223424,-0.218013,0.131576,-1.442945,0.236997,0.237036,0.504502,0.945488,-2.346539,0.082224,0.014960,0.449637,-0.790927,-0.343164,-0.039999,0.092807,-0.216971
-0.234706,7.469406,-0.785586,0.784801,-0.133897,0.364074,2.076820,-0.138593,0.471096,-0.513573,0.104551,0.223865,0.350315,-0.100020,0.023549,0.273807,-0.377746,-0.056724,-0.629029,-0.224574,-0.267881,-0.664918,-0.060621,-0.111116,0.280640,-0.318043,2.030370,0.363069,0.185644,-0.459591,0.072398,-0.325058,-0.512840,0.548897,0.083755,-0.106583,0.140110,-0.520080,-0.163957,0.341578,1.582658,0.239358,-0.445095,-0.206984,0.294291,0.136211,1.186499,0.123133,0.645003,-0.297358,-0.933826,0.054549,-0.358510,-0.127886,0.113135,-0.667769,0.065770,0.765627,0.135204,-0.706919,-0.468643,0.106801,0.049088,0.021960
0.586387,-0.256018,-0.986000,0.552035,0.067497,-0.053461,-0.898359,-0.758768,0.288571,0.094031,-0.158849,-0.328610,0.299956,-0.584563,-0.353367,-1.836955,0.230323,-0.470179,-0.545910,-0.610745,-0.577959,0.017325,0.052022,-0.172901,-0.498501,-0.140047,3.081302,0.715263,0.047669,-0.108599,0.463550,-0.059156,-0.241892,0.433487,0.186182,0.194446,0.067010,0.211129,-0.238231,0.595447,-4.425417,-0.046145,-0.438545,-0.173456,-0.262155,-0.221490,0.985943,-0.335419,-0.169297,-0.302309,3.124582,0.111759,0.051231,-0.168788,0.484913,1.049610,-0.097264,-0.237978,-0.082043,-0.961869,0.042213,0.118580,0.138898,0.453712
-0.244736,-0.747194,-0.358154,-5.620967,0.100611,0.088360,1.440562,-0.248556,-0.053707,-0.021021,-0.248452,0.514053,-0.185299,-0.120703,-0.398335,-3.391052,0.054291,-0.004491,-0.336813,-0.218050,0.090104,-0.227258,-0.295034,0.082536,0.136883,0.008653,1.320892,0.878231,-0.364321,0.093073,0.234031,-0.159063,-1.360628,0.041062,-0.284609,-0.312976,0.262979,-0.292634,-0.372654,0.652322,1.663062,-0.020149,0.083798,0.232049,-0.546281,-0.256382,0.781411,0.191134,0.006210,-0.073747,-0.026734,0.265056,0.242697,-0.033661,-0.093658,-0.212132,-0.045237,0.216889,0.107534,-0.920296,0.135627,-0.201981,-0.539850,0.561512
0.281208,-1.027171,-0.026018,0.683165,0.097677,-0.282218,0.436151,0.789496,-0.757741,-0.229072,-0.287466,-0.060377,-0.245296,0.255996,-0.448398,-0.078670,-0.461304,0.151890,-0.831278,-0.104339,-0.133033,-0.283263,-0.120556,-0.076747,0.282762,0.007946,1.015817,2.067624,0.308681,0.026465,0.213861,-0.024621,1.687018,1.024375,0.027098,-0.501056,0.069585,1.568171,-0.453296,0.191887,1.099177,-0.197365,4.465917,-0.033365,-0.019295,-0.075217,0.539898,-0.170992,0.327065,-0.028735,-0.713791,0.010644,0.174966,-0.277423,-0.250742,-0.740722,0.109082,0.160395,0.278135,-0.568219,-0.460509,-0.012541,0.003334,-0.507523
-0.301863,-0.430861,-0.282432,0.478737,0.108976,0.259936,1.474483,0.347454,-0.167823,-0.412275,-0.186587,-0.722359,0.523609,0.111464,-0.216549,0.631995,-0.193521,0.034607,-0.338262,-0.354438,0.083359,-0.089221,-0.319751,-0.027102,0.319763,-0.152600,0.344934,-6.436367,0.132078,-0.706299,-0.033353,-0.327057,-0.743779,0.558409,-0.177821,-0.771684,0.146362,-0.373234,-0.314858,0.324651,0.719564,-0.219741,-0.464311,-0.430402,0.372061,0.113960,0.582192,-0.036878,0.394424,0.027780,-0.828698,0.296414,-0.218695,-0.006730,-0.404191,-0.221593,0.273145,0.184810,0.004839,-0.573550,-0.097751,-0.056672,0.054621,0.379623
b2
0.184228,0.123751,-0.613956,-0.119704,-0.006114,0.315393,-0.001690,-0.138960,0.655090,-0.113446,0.270116,-0.051358,0.585880,-0.027749,0.242991,0.588965,0.530068,-1.052450,-0.442883,-0.223897,-0.095661,-0.207669,0.077534,0.050381,-0.072656,-1.047426,-0.356081,0.547362,-0.270494,0.023813,0.132357,0.514263
